   2.4972966015502995E-04
   2.0470565164707602E-04
  -5.0656172845795443E-04
  -3.3694520741749969E-04
   1.4195803685550972E-04
   1.8568526713510234E-04
   5.2676389941621793E-05
   9.8673729842729555E-05
  -3.3838346697562508E-05
  -2.1088477003671733E-04
   3.1197345940969768E-04
  -5.9570345270376479E-05
  -4.3920367975780841E-04
  -5.6880164779339951E-05
   2.3283593797210708E-04
  -6.0594875448308074E-05
  -1.6088447501476225E-04
   6.7340224081310527E-04
  -3.6226965225947124E-05
   6.0883572239934321E-04
   2.7396532541625745E-04
  -2.8453329335445494E-04
   4.2865902394248587E-04
  -4.1018999099612591E-05
  -2.9097085469751246E-04
   1.8581001282851997E-04
   7.6271657070795949E-04
  -5.0063497539002885E-04
   1.8591338428305140E-05
  -1.1272750525777417E-04
   3.8960325801255574E-04
   3.1875186192022832E-04
   9.8087284029874295E-04
   1.8896555376912792E-03
   4.0548753477069781E-03
   7.2660283847507312E-03
   1.3420084744449185E-02
   2.4168945318188612E-02
   3.9268706224199916E-02
   6.2658686090123067E-02
   9.4198578501080599E-02
   1.3647115387075337E-01
   1.8837288619603165E-01
   2.5002337429988220E-01
   3.1769424872363738E-01
   3.8773713139544164E-01
   4.5376403434519524E-01
   5.1117015999613657E-01
   5.5295023386888664E-01
   5.7487239707709792E-01
   5.7419192596362845E-01
   5.5239670704857680E-01
   5.1054895698744462E-01
   4.5316244162478586E-01
   3.8728955761098893E-01
   3.1645434199359945E-01
   2.4919140321092473E-01
   1.8779987268294238E-01
   1.3579147448886691E-01
   9.3813700606296249E-02
   6.2074172453015754E-02
   3.9816476504692951E-02
   2.3908669323766889E-02
   1.3686406663535086E-02
   7.5273237967423889E-03
   4.2511959486865496E-03
   2.1571315006813276E-03
   1.0342101709638497E-03
   1.9194491379562431E-04
   9.0326441042205214E-05
  -7.2168603476435657E-05
   2.1985470778078109E-05
  -4.8591463874684273E-05
  -1.1139574862293316E-04
   4.8448886644881687E-04
  -2.5096974536137373E-04
   4.2962417943793763E-04
   4.0535327337168478E-04
   5.1760769435980935E-04
   1.2656716792749415E-05
   7.0051375014265176E-05
  -1.1917356620399259E-04
  -3.7057034331459352E-04
   6.0827839286611992E-04
   1.6957743368160231E-06
  -1.7167509089997847E-04
  -1.0954536646940506E-04
   4.8284676033152825E-04
  -5.3802891975175603E-05
  -2.2329220864970333E-04
   5.4350592359355321E-04
  -3.8511480085100182E-04
  -1.5946414491080929E-04
   3.5972216659150918E-04
  -5.4329497383557370E-05
  -1.2954730593881238E-04
  -2.1991435587542251E-04
   2.7146798045155399E-04
   4.6759687755683154E-04
  -3.9092678820874380E-05
