   2.1064177002416202E-04
   2.3769478392451001E-04
  -4.7648543655040625E-04
  -5.8096616434273054E-04
  -2.6914100625361942E-05
  -1.3155427950418378E-04
  -3.7555285275640653E-04
  -3.1317140844552816E-04
  -4.8073675758319502E-04
  -3.2168056401477848E-04
   2.1850255704254653E-04
   4.8825828844018526E-05
   1.1162481328930488E-04
  -2.4736368797716559E-04
  -3.1807944984108569E-04
   4.0097406780667885E-04
  -1.4782152588155642E-04
   9.8506964197479002E-05
  -5.5050435053353304E-05
   4.4202217403332842E-04
   1.5447419527033603E-05
  -1.8538829069709569E-04
   2.0155425620281268E-04
  -7.7380882487465238E-04
   9.5898363196020439E-04
  -2.4416492773182962E-04
  -5.6961129227645134E-04
   6.3858195521077489E-04
   7.0614937947790851E-04
   5.6739388425205203E-04
   6.8487502643457484E-04
   6.2851026529535490E-04
   1.0006782704875482E-03
   2.1057227307498074E-03
   4.2196083103702830E-03
   7.7762488145964644E-03
   1.2102638416402436E-02
   2.0699154671929752E-02
   3.2954742468271736E-02
   5.0810970841598711E-02
   7.6235344383737205E-02
   1.1029471721926554E-01
   1.5276291034978384E-01
   2.0359555625780060E-01
   2.5928085899802067E-01
   3.1668488562848390E-01
   3.7070918668280872E-01
   4.1757376540817059E-01
   4.5105268776127594E-01
   4.6973832764993512E-01
   4.7052550302405566E-01
   4.5229312783217107E-01
   4.1733967680334655E-01
   3.7042411139216147E-01
   3.1540707720721728E-01
   2.5733505919065269E-01
   2.0288332706172399E-01
   1.5402166103085219E-01
   1.1192479420362625E-01
   7.8372641406196375E-02
   5.2413948668313649E-02
   3.3443125806156535E-02
   2.0270912377585583E-02
   1.2687445608283313E-02
   6.6567870398412258E-03
   3.6518159632446998E-03
   2.1785364808580227E-03
   1.3370170576396864E-03
   3.4209832594325702E-05
  -2.1335376822678349E-04
   5.0806026826506946E-05
  -5.7563603648729443E-05
  -3.6997490337516826E-04
   1.8523573956396118E-05
  -3.9118284813055083E-04
  -6.7192276268843772E-04
   5.8859803316630812E-05
  -1.4026174597080407E-04
   1.0340315677934440E-04
   4.9498037888551508E-05
   2.4669393572287579E-04
   4.5567445324086779E-04
   4.6567709636622214E-04
  -7.3449138747097272E-04
   1.1128026348277232E-04
   7.2699465422366798E-04
  -5.5989022571993434E-04
   5.1290932954455807E-04
   3.2858212473287697E-04
  -1.8418516212183252E-04
  -2.0374176141798610E-04
  -5.0164245328060625E-04
   9.4043660438506734E-05
  -1.9953594510514357E-04
  -3.2526217169027868E-04
  -5.5309549105336350E-05
  -3.2620710022412638E-04
  -8.5661277850224062E-05
   2.0910494989435466E-04
   6.2620894785785823E-05
