  -3.3678184606122848E-14
  -2.3946497107729112E-14
  -4.6898559850354443E-15
   1.7258561294918544E-14
   2.8186888995933447E-14
   1.6564869021117688E-14
  -1.2488139154455142E-14
  -3.0979733157282565E-14
  -1.3218267086016584E-14
   2.4234246066481506E-14
   4.0220300349071513E-14
   3.5211011547562185E-14
   1.3738176746458317E-13
   7.8056362956591817E-13
   3.5075945308553702E-12
   1.4493214196364634E-11
   5.7799275984414042E-11
   2.2208820154642186E-10
   8.1898344629551098E-10
   2.8984123452603900E-09
   9.8476393282594716E-09
   3.2119807140231354E-08
   1.0056585703718531E-07
   3.0225536432066245E-07
   8.7208509422968613E-07
   2.4154823156749081E-06
   6.4224004897159538E-06
   1.6391946725397428E-05
   4.0160737707958951E-05
   9.4452403992952382E-05
   2.1323844491095349E-04
   4.6212172453134455E-04
   9.6134555305479451E-04
   1.9196725774292679E-03
   3.6795225551575382E-03
   6.7696332996925361E-03
   1.1954767500959286E-02
   2.0263382482289569E-02
   3.2966215067331509E-02
   5.1475821605921394E-02
   7.7144663665654076E-02
   1.1096144745429797E-01
   1.5318154437970183E-01
   2.0296911983933158E-01
   2.5815957704317555E-01
   3.1525128449484313E-01
   3.6969290092026291E-01
   4.1645355397678235E-01
   4.5077576461389712E-01
   4.6895143107164922E-01
   4.6895143107164927E-01
   4.5077576461389762E-01
   4.1645355397678102E-01
   3.6969290092026263E-01
   3.1525128449484419E-01
   2.5815957704317544E-01
   2.0296911983933427E-01
   1.5318154437970233E-01
   1.1096144745430057E-01
   7.7144663665654062E-02
   5.1475821605923046E-02
   3.2966215067331134E-02
   2.0263382482291037E-02
   1.1954767500959536E-02
   6.7696332996922542E-03
   3.6795225551581163E-03
   1.9196725774297454E-03
   9.6134555305472903E-04
   4.6212172453197046E-04
   2.1323844491081162E-04
   9.4452403993252042E-05
   4.0160737707495746E-05
   1.6391946725686788E-05
   6.4224004890320086E-06
   2.4154823153900247E-06
   8.7208509408010000E-07
   3.0225536398952826E-07
   1.0056585702455353E-07
   3.2119807645234455E-08
   9.8476380922412679E-09
   2.8984128958330713E-09
   8.1898363554760428E-10
   2.2208760601437775E-10
   5.7801782894095399E-11
   1.4490357985407068E-11
   3.5090801277216010E-12
   7.8054196691634268E-13
   1.3756017409566813E-13
   3.4422130155791637E-14
   4.0537612474088381E-14
   2.3593353237444450E-14
  -1.3306749012014218E-14
  -2.9597445380424247E-14
  -1.2419379773306979E-14
   1.6341057488916941E-14
   2.8908260594758863E-14
   1.7214150176317554E-14
  -3.8438458873806129E-15
  -2.4477781484406768E-14
  -3.2440560091376320E-14
