  -9.0458980621659518E-15
  -4.6846664248957792E-15
  -1.9290012952657134E-15
   6.2675057167225049E-16
  -1.6201534518270149E-15
   1.8008301183815168E-16
   2.3629578601996891E-15
   6.2401398040587735E-15
   5.5728383962331627E-15
   2.2227511037532076E-15
  -1.4683276412779635E-15
   3.3515693710447568E-14
   2.2029665049799844E-13
   1.0059715535172755E-12
   4.2720277541406297E-12
   1.7728415711328943E-11
   7.1023590493775730E-11
   2.7289144922775702E-10
   1.0059788705978537E-09
   3.5603469586748651E-09
   1.2096979781745792E-08
   3.9454642790518548E-08
   1.2352891707523597E-07
   3.7128242900888405E-07
   1.0712721016385747E-06
   2.9671668222981389E-06
   7.8890604118951182E-06
   2.0135005920070138E-05
   4.9331510668467330E-05
   1.1602256271547016E-04
   2.6193947950261436E-04
   5.6766630876482803E-04
   1.1808981059536899E-03
   2.3580529321929580E-03
   4.5197238756965793E-03
   8.3153892366457823E-03
   1.4684506422104759E-02
   2.4890526406435180E-02
   4.0494570788701036E-02
   6.3231946434751024E-02
   9.4763981631244540E-02
   1.3630488021396539E-01
   1.8816768701940306E-01
   2.4932479553130149E-01
   3.1711642970034504E-01
   3.8724088695406339E-01
   4.5410783973519087E-01
   5.1153883743072093E-01
   5.5369189738072377E-01
   5.7601406707369174E-01
   5.7601406707369163E-01
   5.5369189738072511E-01
   5.1153883743072170E-01
   4.5410783973519131E-01
   3.8724088695406234E-01
   3.1711642970034359E-01
   2.4932479553130230E-01
   1.8816768701940167E-01
   1.3630488021396672E-01
   9.4763981631243707E-02
   6.3231946434751579E-02
   4.0494570788700522E-02
   2.4890526406434577E-02
   1.4684506422103774E-02
   8.3153892366453503E-03
   4.5197238756964535E-03
   2.3580529321931068E-03
   1.1808981059541978E-03
   5.6766630876527548E-04
   2.6193947950163928E-04
   1.1602256271583515E-04
   4.9331510668642497E-05
   2.0135005920619402E-05
   7.8890604129568249E-06
   2.9671668216453531E-06
   1.0712721019257097E-06
   3.7128242928355550E-07
   1.2352891692453872E-07
   3.9454643188891226E-08
   1.2096979412162856E-08
   3.5603471816371164E-09
   1.0059781932489838E-09
   2.7289181690405587E-10
   7.1023656765647146E-11
   1.7727913402259341E-11
   4.2719914310114877E-12
   1.0058108422684083E-12
   2.2054823807814149E-13
   3.2639644395334570E-14
  -1.9090311413952979E-16
   1.7197025666651296E-15
   7.0702495198729202E-15
   5.9410534030801602E-15
   2.2152963235187158E-15
  -1.1275372919690766E-15
   5.1710091706209670E-16
  -1.1738147150347704E-15
  -1.2171322399018759E-15
  -6.5751389905672525E-15
  -7.1969271613857096E-15
