3.7246810755781188e-35
2.6232241248301334e-35
3.7439298087489175e-35
1.3099776596275257e-34
1.8210055898657251e-36
2.4646605852514208e-35
7.6640731523257188e-34
4.8354953801481472e-33
2.0498405663972812e-31
5.6043274306497128e-30
1.466764323658282e-28
3.5307570978513e-27
7.8347288793392056e-26
1.6021896433635792e-24
3.0194801743504598e-23
5.2441400032221758e-22
8.3934352765603131e-21
1.2380166782462688e-19
1.6828006538761343e-18
2.1079311825305004e-17
2.433299417545732e-16
2.5884971908140665e-15
2.5375245392452942e-14
2.2923468636848771e-13
1.9083355890272729e-12
1.4639624818473092e-11
1.0349085045095899e-10
6.7416519366565278e-10
4.0468587740158079e-9
2.2384709089280844e-8
1.1409328965810498e-7
5.3584185174679729e-7
2.3188496102477206e-6
9.2460914679034817e-6
0.000033968946752142562
0.00011498230842919668
0.00035858289133010681
0.001030243479262719
0.0027268546092214701
0.0066486740623313582
0.014932776572354955
0.030893622548193601
0.058874797740177148
0.10336310962992436
0.16721282996390732
0.24934116977942086
0.34288658297162827
0.43510227026054488
0.50976741351036137
0.55169987862391157
0.55169987862391157
0.50976741351036126
0.43510227026054488
0.34288658297162827
0.24934116977942092
0.16721282996390746
0.10336310962992444
0.058874797740177238
0.03089362254819366
0.014932776572354988
0.0066486740623313738
0.0027268546092214757
0.001030243479262724
0.00035858289133010763
0.00011498230842919713
0.000033968946752142609
9.2460914679034275e-6
2.3188496102477337e-6
5.3584185174678565e-7
1.1409328965809476e-7
2.2384709089285109e-8
4.0468587740147839e-9
6.741651936665937e-10
1.0349085045088002e-10
1.4639624818340863e-11
1.9083355889743895e-12
2.2923468638543709e-13
2.5375245401558501e-14
2.5884971877813455e-15
2.4332994260042378e-16
2.1079311688391828e-17
1.6828006751030832e-18
1.2380165912265271e-19
8.393436311402196e-21
5.2441410878228328e-22
3.0194789517624169e-23
1.6021821467706176e-24
7.8347390181921705e-26
3.5309381401316425e-27
1.4665966328290401e-28
5.6013282054807975e-30
2.0359847665026253e-31
4.9781201331236391e-33
8.7190560842430886e-34
2.0231392097024763e-34
4.8212773707483292e-34
1.0923056659643643e-33
7.8556165254691303e-34
2.0100675036364484e-34
1.5228790960035302e-34