   6.1030165292075999E-18   0.0000000000000000E+00   5.1217420130558434E-18
   0.0000000000000000E+00   6.1187660592221668E-18   0.0000000000000000E+00
   1.1445425547473215E-17   0.0000000000000000E+00   1.3494464012570950E-18
   0.0000000000000000E+00   4.9645348072618242E-18   0.0000000000000000E+00
   2.7684062477038511E-17   0.0000000000000000E+00   6.9537726308444579E-17
   0.0000000000000000E+00   4.5275165006847629E-16   0.0000000000000000E+00
   2.3673460732748204E-15   0.0000000000000000E+00   1.2111004597713113E-14
   0.0000000000000000E+00   5.9420174165440636E-14   0.0000000000000000E+00
   2.7990585701873412E-13   0.0000000000000000E+00   1.2657763006801710E-12
   0.0000000000000000E+00   5.4949796854496732E-12   0.0000000000000000E+00
   2.2900087343113289E-11   0.0000000000000000E+00   9.1615693396711845E-11
   0.0000000000000000E+00   3.5185461177115023E-10   0.0000000000000000E+00
   1.2972280654827561E-09   0.0000000000000000E+00   4.5912211692865545E-09
   0.0000000000000000E+00   1.5599036564947627E-08   0.0000000000000000E+00
   5.0877275780195481E-08   0.0000000000000000E+00   1.5929609346262366E-07
   0.0000000000000000E+00   4.7878459286874260E-07   0.0000000000000000E+00
   1.3814252021109475E-06   0.0000000000000000E+00   3.8261762659962603E-06
   0.0000000000000000E+00   1.0173045288946617E-05   0.0000000000000000E+00
   2.5964691287701701E-05   0.0000000000000000E+00   6.3614925717285926E-05
   0.0000000000000000E+00   1.4961520340286556E-04   0.0000000000000000E+00
   3.3777698213185715E-04   0.0000000000000000E+00   7.3201219371455632E-04
   0.0000000000000000E+00   1.5227769404110767E-03   0.0000000000000000E+00
   3.0407386385389126E-03   0.0000000000000000E+00   5.8282884925287071E-03
   0.0000000000000000E+00   1.0722980389294604E-02   0.0000000000000000E+00
   1.8936285045649971E-02   0.0000000000000000E+00   3.2097406114244165E-02
   0.0000000000000000E+00   5.2219293457700759E-02   0.0000000000000000E+00
   8.1539401900745850E-02   0.0000000000000000E+00   1.2219974047580850E-01
   0.0000000000000000E+00   1.7576581734852084E-01   0.0000000000000000E+00
   2.4264129438365831E-01   0.0000000000000000E+00   3.2150133690223487E-01
   0.0000000000000000E+00   4.0891665405545330E-01   0.0000000000000000E+00
   4.9934073514927740E-01   0.0000000000000000E+00   5.8556518251312395E-01
   0.0000000000000000E+00   6.5962282424166063E-01   0.0000000000000000E+00
   7.1397998116919303E-01   0.0000000000000000E+00   7.4276502248282494E-01
   0.0000000000000000E+00   7.4276502248282494E-01   0.0000000000000000E+00
   7.1397998116919292E-01   0.0000000000000000E+00   6.5962282424166063E-01
   0.0000000000000000E+00   5.8556518251312395E-01   0.0000000000000000E+00
   4.9934073514927746E-01   0.0000000000000000E+00   4.0891665405545347E-01
   0.0000000000000000E+00   3.2150133690223498E-01   0.0000000000000000E+00
   2.4264129438365850E-01   0.0000000000000000E+00   1.7576581734852101E-01
   0.0000000000000000E+00   1.2219974047580864E-01   0.0000000000000000E+00
   8.1539401900745948E-02   0.0000000000000000E+00   5.2219293457700815E-02
   0.0000000000000000E+00   3.2097406114244241E-02   0.0000000000000000E+00
   1.8936285045649991E-02   0.0000000000000000E+00   1.0722980389294624E-02
   0.0000000000000000E+00   5.8282884925287114E-03   0.0000000000000000E+00
   3.0407386385389035E-03   0.0000000000000000E+00   1.5227769404110810E-03
   0.0000000000000000E+00   7.3201219371454840E-04   0.0000000000000000E+00
   3.3777698213184203E-04   0.0000000000000000E+00   1.4961520340287982E-04
   0.0000000000000000E+00   6.3614925717277876E-05   0.0000000000000000E+00
   2.5964691287719820E-05   0.0000000000000000E+00   1.0173045288942736E-05
   0.0000000000000000E+00   3.8261762659789809E-06   0.0000000000000000E+00
   1.3814252020918067E-06   0.0000000000000000E+00   4.7878459288644305E-07
   0.0000000000000000E+00   1.5929609349120427E-07   0.0000000000000000E+00
   5.0877275750391204E-08   0.0000000000000000E+00   1.5599036592059898E-08
   0.0000000000000000E+00   4.5912211543762319E-09   0.0000000000000000E+00
   1.2972280736644126E-09   0.0000000000000000E+00   3.5185459940528371E-10
   0.0000000000000000E+00   9.1615699044444306E-11   0.0000000000000000E+00
   2.2900089711227839E-11   0.0000000000000000E+00   5.4949785729904496E-12
   0.0000000000000000E+00   1.2657733394137424E-12   0.0000000000000000E+00
   2.7990603813051565E-13   0.0000000000000000E+00   5.9421697553432794E-14
   0.0000000000000000E+00   1.2110312270247368E-14   0.0000000000000000E+00
   2.3667125312299329E-15   0.0000000000000000E+00   4.5121887887173166E-16
   0.0000000000000000E+00   7.0555794468800627E-17   0.0000000000000000E+00
   2.9528047826165354E-17   0.0000000000000000E+00   1.4223709817422723E-17
   0.0000000000000000E+00   2.1957407339547918E-17   0.0000000000000000E+00
   3.3050047896551736E-17   0.0000000000000000E+00   2.8027872779554867E-17
   0.0000000000000000E+00   1.4177684943729169E-17   0.0000000000000000E+00
   1.2340498758168285E-17   0.0000000000000000E+00   1.2926285588926552E-18
  -1.4346907918363042E-17   6.2344188075440144E-18   1.0884629089933842E-17
   6.7524824441757251E-18  -1.8166233210402601E-17   5.5971858502213277E-18
   6.3903731853479591E-18   8.2222998658913610E-18  -7.0291151557258343E-19
   4.9543705938374192E-18  -4.5529123161384308E-18   1.6783465486383599E-17
  -3.5428011815496471E-18   8.0675740139911546E-17  -4.9443524607953692E-18
   4.4444290600097520E-16   8.8261302824352416E-18   2.3727546325629484E-15
  -2.4025132715556591E-17   1.2113070955622195E-14  -5.9261199523597353E-17
   5.9411216383731029E-14  -3.2157158244401610E-16   2.7990593428539504E-13
  -1.5159190866805506E-15   1.2657556763933294E-12  -6.8194102542660107E-15
   5.4948927862969048E-12  -2.9660480138640719E-14   2.2899743979867807E-11
  -1.2354899457973229E-13   9.1614282264485286E-11  -4.9430602473170850E-13
   3.5184923386615751E-10  -1.8984137906271094E-12   1.2972081948927056E-09
  -6.9991016455272544E-12   4.5911508862944152E-09  -2.4771647151432636E-11
   1.5598797741476222E-08  -8.4163582935309762E-11   5.0876496827442370E-08
  -2.7450507258020993E-10   1.5929365464347903E-07  -8.5947177891307072E-10
   4.7877726260568560E-07  -2.5832513540041482E-09   1.3814040523470352E-06
  -7.4533905040701184E-09   3.8261176868056339E-06  -2.0643887018044558E-08
   1.0172889538469839E-05  -5.4888009089712245E-08   2.5964293765331214E-05
  -1.4009081555115727E-07   6.3613951765602368E-05  -3.4323022473992563E-07
   1.4961291277718237E-04  -8.0723917079705787E-07   3.3777181072816066E-04
  -1.8224539002274129E-06   7.3200098652591251E-04  -3.9495245325490617E-06
   1.5227536265310607E-03  -8.2160446722940628E-06   3.0406920845428669E-03
  -1.6406109021398410E-05   5.8281992611675061E-03  -3.1446154345222187E-05
   1.0722816221699589E-02  -5.7855148818249635E-05   1.8935995142405689E-02
  -1.0216950587243477E-04   3.2096914764412975E-02  -1.7317949529791380E-04
   5.2218494253515615E-02  -2.8174588554013435E-04   8.1538154581587655E-02
  -4.3994081633066902E-04   1.2219787313232740E-01  -6.5932164972710408E-04
   1.7576313687426481E-01  -9.4833572230188868E-04   2.4263760710142135E-01
  -1.3091625278330752E-03   3.2149647865059067E-01  -1.7346566859041850E-03
   4.0891052476781797E-01  -2.2063191912104234E-03   4.9933332868248648E-01
  -2.6942271248193588E-03   5.8555660135347043E-01  -3.1594878632937359E-03
   6.5961327336540487E-01  -3.5591094671973212E-03   7.1396974440392991E-01
  -3.8524335322285799E-03   7.4275443207520453E-01  -4.0077674060091766E-03
   7.4275443207520453E-01  -4.0077674060092165E-03   7.1396974440392980E-01
  -3.8524335322285158E-03   6.5961327336540476E-01  -3.5591094671973667E-03
   5.8555660135347043E-01  -3.1594878632937163E-03   4.9933332868248653E-01
  -2.6942271248193493E-03   4.0891052476781814E-01  -2.2063191912104511E-03
   3.2149647865059078E-01  -1.7346566859041664E-03   2.4263760710142154E-01
  -1.3091625278330854E-03   1.7576313687426498E-01  -9.4833572230190039E-04
   1.2219787313232754E-01  -6.5932164972711319E-04   8.1538154581587752E-02
  -4.3994081633066267E-04   5.2218494253515671E-02  -2.8174588554012909E-04
   3.2096914764413037E-02  -1.7317949529791610E-04   1.8935995142405720E-02
  -1.0216950587244588E-04   1.0722816221699608E-02  -5.7855148818237689E-05
   5.8281992611675087E-03  -3.1446154345233788E-05   3.0406920845428538E-03
  -1.6406109021382266E-05   1.5227536265310696E-03  -8.2160446723038053E-06
   7.3200098652589950E-04  -3.9495245325540617E-06   3.3777181072816169E-04
  -1.8224539002225985E-06   1.4961291277718435E-04  -8.0723917079385217E-07
   6.3613951765578204E-05  -3.4323022474116654E-07   2.5964293765385485E-05
  -1.4009081554990946E-07   1.0172889538437039E-05  -5.4888009096641047E-08
   3.8261176868137349E-06  -2.0643887019311573E-08   1.3814040522997915E-06
  -7.4533904885736109E-09   4.7877726263915579E-07  -2.5832513661674558E-09
   1.5929365466587432E-07  -8.5947178253355020E-10   5.0876496797078118E-08
  -2.7450506051550726E-10   1.5598797781180101E-08  -8.4163595611414218E-11
   4.5911508550092293E-09  -2.4771635431876568E-11   1.2972082112467640E-09
  -6.9991102887445900E-12   3.5184921847952185E-10  -1.8984056002415376E-12
   9.1614289533423543E-11  -4.9431439635109382E-13   2.2899750026658688E-11
  -1.2355262568325383E-13   5.4948827378691084E-12  -2.9644166060399086E-14
   1.2657610201640100E-12  -6.8343947826031733E-15   2.7990041266699474E-13
  -1.5065843866529584E-15   5.9416997582880581E-14  -3.2375143088833067E-16
   1.2116889723310781E-14  -7.0561219724018167E-17   2.3628870252233085E-15
  -5.0368667454701151E-19   4.5332999405707319E-16  -1.8793055358894975E-17
   6.7914574620080144E-17   1.6317044754446294E-17   3.2935125070852825E-17
  -1.7170765199751683E-17  -3.4078054125497010E-19   7.4066589488726128E-18
   3.9355319063630079E-17  -1.8956645512198225E-17   1.7202661644417430E-17
  -5.9759970073304649E-18   2.7257146083649798E-17  -2.8384685386074467E-17
   1.6235209890756585E-17   8.3425523361401321E-19   1.1329984139728146E-17
   5.2161032623241727E-18  -1.8240651365351628E-17  -1.6635856174308834E-17
   3.2173597314514994E-17   1.3692512567421579E-17  -2.2115482958493516E-17
  -2.5891933384432689E-17   1.5854072705910025E-17   7.0156743173200949E-18
   1.3090762441297180E-17  -2.3425317333837543E-18  -6.7563466520379277E-18
  -1.0760283872646315E-17   2.1196272309793532E-17   1.4884740876166832E-18
   7.1175187286265566E-17  -6.8311533934817265E-18   4.5857501058687717E-16
   5.0161383807573204E-18   2.3632609195451182E-15  -3.7414712098533699E-17
   1.2113558841903359E-14  -1.2821754198070743E-16   5.9408695212558720E-14
  -6.3789891404875865E-16   2.7989446807427057E-13  -3.0249043427364902E-15
   1.2656992981437067E-12  -1.3651385890265741E-14   5.4946458198326894E-12
  -5.9306063331486986E-14   2.2898729771969925E-11  -2.4710531491498754E-13
   9.1610208815929920E-11  -9.8859385543843842E-13   3.5183360903191927E-10
  -3.7967696667290328E-12   1.2971505704780985E-09  -1.3997984596117615E-11
   4.5909469393239306E-09  -4.9542542370104127E-11   1.5598104828659249E-08
  -1.6832458853609806E-10   5.0874236816185918E-08  -5.4900172404487460E-10
   1.5928657862506163E-07  -1.7189172696061236E-09   4.7875599470704530E-07
  -5.1664235885436130E-09   1.3813426886017198E-06  -1.4906552781012531E-08
   3.8259477257561390E-06  -4.1287141928470526E-08   1.0172437645658510E-05
  -1.0977433748729716E-07   2.5963140398106669E-05  -2.8017734149668143E-07
   6.3611125952253521E-05  -6.8644993968803110E-07   1.4960626677969872E-04
  -1.6144536237400730E-06   3.3775680647111665E-04  -3.6448519964559150E-06
   7.3196847010385336E-04  -7.8989281293494322E-06   1.5226859838684693E-03
  -1.6431837764035535E-05   3.0405570131554257E-03  -3.2811715660104882E-05
   5.8279403654761088E-03  -6.2891345654602520E-05   1.0722339902936357E-02
  -1.1570852530430195E-04   1.8935153994972344E-02  -2.0433587955719632E-04
   3.2095489045331077E-02  -3.4635367251399424E-04   5.2216174928960704E-02
  -5.6348308960879904E-04   8.1534533643040669E-02  -8.7986799439742692E-04
   1.2219244859378749E-01  -1.3186226684907358E-03   1.7575534002237245E-01
  -1.8966414080638773E-03   2.4262685693754432E-01  -2.6182830756658905E-03
   3.2148226222475629E-01  -3.4692573209866000E-03   4.0889249286796919E-01
  -4.4125673317332130E-03   4.9931138713951018E-01  -5.3883691904662899E-03
   5.8553097414323185E-01  -6.3188796712550744E-03   6.5958451888730452E-01
  -7.1181160281089889E-03   7.1393871974667478E-01  -7.7047610569573877E-03
   7.4272221453386988E-01  -8.0154279279267080E-03   7.4272221453386988E-01
  -8.0154279279267670E-03   7.1393871974667467E-01  -7.7047610569572949E-03
   6.5958451888730441E-01  -7.1181160281090288E-03   5.8553097414323185E-01
  -6.3188796712550692E-03   4.9931138713951023E-01  -5.3883691904662587E-03
   4.0889249286796936E-01  -4.4125673317332746E-03   3.2148226222475640E-01
  -3.4692573209865593E-03   2.4262685693754452E-01  -2.6182830756659157E-03
   1.7575534002237261E-01  -1.8966414080638933E-03   1.2219244859378763E-01
  -1.3186226684907554E-03   8.1534533643040780E-02  -8.7986799439741163E-04
   5.2216174928960760E-02  -5.6348308960879731E-04   3.2095489045331139E-02
  -3.4635367251400421E-04   1.8935153994972368E-02  -2.0433587955719622E-04
   1.0722339902936385E-02  -1.1570852530429748E-04   5.8279403654761010E-03
  -6.2891345654606152E-05   3.0405570131554196E-03  -3.2811715660093539E-05
   1.5226859838684732E-03  -1.6431837764055393E-05   7.3196847010383948E-04
  -7.8989281293371366E-06   3.3775680647113243E-04  -3.6448519964613182E-06
   1.4960626677968587E-04  -1.6144536237319137E-06   6.3611125952229276E-05
  -6.8644993968268071E-07   2.5963140398168306E-05  -2.8017734152152676E-07
   1.0172437645614385E-05  -1.0977433746681437E-07   3.8259477257827960E-06
  -4.1287141944206618E-08   1.3813426885468801E-06  -1.4906552748212927E-08
   4.7875599473715817E-07  -5.1664236234763841E-09   1.5928657864080871E-07
  -1.7189172645985672E-09   5.0874236799591881E-08  -5.4900170255455882E-10
   1.5598104858887370E-08  -1.6832462450401883E-10   4.5909469144566629E-09
  -4.9542499171831656E-11   1.2971505782503601E-09  -1.3998011354344407E-11
   3.5183360363027731E-10  -3.7967644636127908E-12   9.1610204911353370E-11
  -9.8859157373470814E-13   2.2898740806112457E-11  -2.4712334630559033E-13
   5.4946409432402968E-12  -5.9277781098921179E-14   1.2656987762865765E-12
  -1.3666572261750846E-14   2.7988934002349359E-13  -3.0185737653010330E-15
   5.9416638544617856E-14  -6.4091865541388190E-16   1.2107885358878343E-14
  -1.4023306091936049E-16   2.3785800234237045E-15  -1.8730894593294151E-17
   4.3616810805357352E-16  -1.4462353749594039E-17   7.9859040818476807E-17
   1.7687099473593003E-17   2.2069772289025781E-17  -2.8430314010145236E-17
   3.5039635221555885E-18   1.9648830699933691E-17   3.2477038616819297E-17
  -4.7304123168750222E-17   1.0435176175861987E-17  -1.5951880337553020E-18
   8.4834371593844135E-18  -4.6020351485211173E-17   2.3148350511209919E-17
  -3.3064802878326929E-18   1.0344894044659816E-17   1.1897108670433765E-18
  -1.7277274197440761E-17  -4.8193091312718460E-19   3.1207114970347786E-17
  -1.9446084910163118E-17  -2.9652226337745268E-17   5.4712888858295990E-18
   1.8020646915893664E-17  -8.6373785977776210E-18   1.3590882486197009E-17
  -6.1191552808205587E-18  -1.6018484237037572E-17  -8.7914198760985006E-18
   2.5647765637932213E-17   2.1326937691568767E-18   6.7881447045316602E-17
  -3.1111241659485731E-18   4.5950333535726501E-16  -7.2884758528120554E-18
   2.3643314486462315E-15  -4.1106444836445854E-17   1.2108145785691091E-14
  -2.0212961674638273E-16   5.9411764187830224E-14  -9.5106528197487319E-16
   2.7986567545973640E-13  -4.5401517173686747E-15   1.2656091216139010E-12
  -2.0483189659929616E-14   5.4942420615136826E-12  -8.8939795549967232E-14
   2.2897041387765157E-11  -3.7066128158431682E-13   9.1603483337619169E-11
  -1.4828491850362238E-12   3.5180772202571690E-10  -5.6950141247022791E-12
   1.2970552043788216E-09  -2.0996456870088879E-11   4.5906093339701247E-09
  -7.4311942420773306E-11   1.5596957838039201E-08  -2.5248058286460746E-10
   5.0870495827799966E-08  -8.2348197073059489E-10   1.5927486560556703E-07
  -2.5783114152486428E-09   4.7872078981765455E-07  -7.7494415394928687E-09
   1.3812411127336424E-06  -2.2359269862704537E-08   3.8256663879501395E-06
  -6.1929163765560574E-08   1.0171689624134334E-05  -1.6465738741424667E-07
   2.5961231220706635E-05  -4.2025549979363457E-07   6.3606448362335459E-05
  -1.0296491533888298E-06   1.4959526561043979E-04  -2.4216198601105779E-06
   3.3773196981232991E-04  -5.4671412369986355E-06   7.3191464542693148E-04
  -1.1848095819715351E-05   1.5225740144579401E-03  -2.4647140106283186E-05
   3.0403334284335353E-03  -4.9216342335035209E-05   5.8275118132010565E-03
  -9.4334658532329668E-05   1.0721551447132235E-02  -1.7355844529004286E-04
   1.8933761627857142E-02  -3.0649614683079260E-04   3.2093128997265331E-02
  -5.1951749000283642E-04   5.2212335546662242E-02  -8.4520340907640035E-04
   8.1528539178296805E-02  -1.3197687231808768E-03   1.2218346699690681E-01
  -1.9778838540851296E-03   1.7574242699895046E-01  -2.8448894372594940E-03
   2.4260904421612056E-01  -3.9273235240469264E-03   3.2145868813494860E-01
  -5.2037514247272399E-03   4.0886255910506164E-01  -6.6186802591133862E-03
   4.9927491148487774E-01  -8.0823478789718590E-03   5.8548830192575263E-01
  -9.4780835632444719E-03   6.5953656173007802E-01  -1.0676916113373064E-02
   7.1388690786874676E-01  -1.1556870340110137E-02   7.4266837032689392E-01
  -1.2022864711962223E-02   7.4266837032689392E-01  -1.2022864711962291E-02
   7.1388690786874665E-01  -1.1556870340110026E-02   6.5953656173007791E-01
  -1.0676916113373085E-02   5.8548830192575263E-01  -9.4780835632444892E-03
   4.9927491148487779E-01  -8.0823478789718139E-03   4.0886255910506175E-01
  -6.6186802591134677E-03   3.2145868813494871E-01  -5.2037514247271870E-03
   2.4260904421612078E-01  -3.9273235240469611E-03   1.7574242699895062E-01
  -2.8448894372595213E-03   1.2218346699690694E-01  -1.9778838540851535E-03
   8.1528539178296944E-02  -1.3197687231808579E-03   5.2212335546662297E-02
  -8.4520340907639428E-04   3.2093128997265394E-02  -5.1951749000285485E-04
   1.8933761627857159E-02  -3.0649614683078051E-04   1.0721551447132275E-02
  -1.7355844529005923E-04   5.8275118132010435E-03  -9.4334658532313365E-05
   3.0403334284335335E-03  -4.9216342335029855E-05   1.5225740144579301E-03
  -2.4647140106314181E-05   7.3191464542692204E-04  -1.1848095819670531E-05
   3.3773196981235751E-04  -5.4671412370533022E-06   1.4959526561042380E-04
  -2.4216198600612467E-06   6.3606448362296672E-05  -1.0296491533955773E-06
   2.5961231220778659E-05  -4.2025549984574976E-07   1.0171689624095564E-05
  -1.6465738733449013E-07   3.8256663879634371E-06  -6.1929163839692011E-08
   1.3812411127103615E-06  -2.2359269795064189E-08   4.7872078980152620E-07
  -7.7494415841453007E-09   1.5927486564961433E-07  -2.5783114195997456E-09
   5.0870495811048440E-08  -8.2348193631027619E-10   1.5596957849067124E-08
  -2.5248062519452541E-10   4.5906093421013457E-09  -7.4311904872530325E-11
   1.2970551818096465E-09  -2.0996465047179371E-11   3.5180772934058197E-10
  -5.6950303028368175E-12   9.1603483327293202E-11  -1.4828334743064105E-12
   2.2897038556429873E-11  -3.7067895836824400E-13   5.4942489993377157E-12
  -8.8920813714155967E-14   1.2655982548385257E-12  -2.0489661939082350E-14
   2.7987361403379971E-13  -4.5381452943079077E-15   5.9415180448490823E-14
  -9.5797736910181512E-16   1.2101114882076113E-14  -1.9858586200316080E-16
   2.3753358594852209E-15  -5.0285743374248524E-17   4.3869897417569182E-16
   4.1930442868554169E-18   8.5069796998734109E-17  -2.2432966700345863E-18
   1.2029821232681958E-17  -1.4310208499095247E-17   1.1865659005417724E-17
   1.4775510480247849E-17   5.2394180728268188E-18  -6.0405776735393055E-17
   1.4381812755470354E-17  -8.9498656314497380E-18  -2.5032587436287935E-17
  -3.5381441483163076E-17   4.1302190753006974E-17  -2.2487766288671818E-17
  -8.0588356074757496E-18   1.3354867203918753E-18   9.2308458995003526E-18
   2.6194034379143616E-17  -1.4009453941539577E-17  -5.6323890781807131E-17
   2.1145358838259651E-18   3.6507907867578276E-17   7.1556034037544441E-19
  -2.2510181078242051E-17   9.3733780751607732E-18  -1.1100176107334981E-17
  -9.0478681004193444E-18   6.6864225866530770E-18   1.5004203132661126E-17
  -1.6396711112834662E-17   7.5882673780140982E-17   1.6820298600605580E-17
   4.5126821299775423E-16  -3.0367040078499984E-17   2.3729643184165572E-15
  -4.2046781637697149E-17   1.2093530910044574E-14  -2.6755392133918833E-16
   5.9419642352168513E-14  -1.2809300267647316E-15   2.7982679118232591E-13
  -6.0391448833207680E-15   1.2654806337660915E-12  -2.7317008816610195E-14
   5.4936849501355572E-12  -1.1857863769847905E-13   2.2894679429347662E-11
  -4.9419572243105420E-13   9.1594090605930891E-11  -1.9770778457930703E-12
   3.5177159894649885E-10  -7.5930653551612082E-12   1.2969220717281979E-09
  -2.7994330301116429E-11   4.5901381007451990E-09  -9.9079125570865685E-11
   1.5595356805439417E-08  -3.3662910532910208E-10   5.0865273947860318E-08
  -1.0979378339104625E-09   1.5925851597336362E-07  -3.4376292012891763E-09
   4.7867164894667688E-07  -1.0332230005634635E-08   1.3810993277762669E-06
  -2.9811324791989198E-08   3.8252736817508957E-06  -8.2569351636409357E-08
   1.0170645496101961E-05  -2.1953556117011520E-07   2.5958566289872014E-05
  -5.6032121262647269E-07   6.3599919134804236E-05  -1.3728178750448215E-06
   1.4957990959621367E-04  -3.2287143825703970E-06   3.3769730148967532E-04
  -7.2892685734815112E-06   7.3183951409401060E-04  -1.5796912640063239E-05
   1.5224177216246360E-03  -3.2861712545249647E-05   3.0400213370111572E-03
  -6.5619511496974546E-05   5.8269136170279890E-03  -1.2577517765005803E-04
   1.0720450877497501E-02  -2.3140322475101360E-04   1.8931818081590300E-02
  -4.0864733376714570E-04   3.2089834687596547E-02  -6.9266590667452156E-04
   5.2206976213295501E-02  -1.1268986416469126E-03   8.1520171349376724E-02
  -1.7596301924265453E-03   1.2217092858202665E-01  -2.6370860040175891E-03
   1.7572439816031404E-01  -3.7930521873400652E-03   2.4258416946989245E-01
  -5.2362457492288062E-03   3.2142575716729938E-01  -6.9380885149174362E-03
   4.0882072457481372E-01  -8.8245938192949205E-03   4.9922390309943832E-01
  -1.0776084894982814E-02   5.8542858622902150E-01  -1.2637007708484270E-02
   6.5946940336763948E-01  -1.4235406173596275E-02   7.1381431005045992E-01
  -1.5408649143631261E-02   7.4259290056626825E-01  -1.6029960879854754E-02
   7.4259290056626825E-01  -1.6029960879854865E-02   7.1381431005045981E-01
  -1.5408649143631123E-02   6.5946940336763937E-01  -1.4235406173596265E-02
   5.8542858622902150E-01  -1.2637007708484319E-02   4.9922390309943843E-01
  -1.0776084894982762E-02   4.0882072457481378E-01  -8.8245938192950072E-03
   3.2142575716729949E-01  -6.9380885149173789E-03   2.4258416946989264E-01
  -5.2362457492288513E-03   1.7572439816031421E-01  -3.7930521873401034E-03
   1.2217092858202677E-01  -2.6370860040176121E-03   8.1520171349376863E-02
  -1.7596301924265314E-03   5.2206976213295571E-02  -1.1268986416469019E-03
   3.2089834687596575E-02  -6.9266590667454444E-04   1.8931818081590338E-02
  -4.0864733376712721E-04   1.0720450877497529E-02  -2.3140322475104149E-04
   5.8269136170279829E-03  -1.2577517765003019E-04   3.0400213370111642E-03
  -6.5619511496980252E-05   1.5224177216245974E-03  -3.2861712545267746E-05
   7.3183951409404335E-04  -1.5796912640025848E-05   3.3769730148966893E-04
  -7.2892685735429998E-06   1.4957990959621616E-04  -3.2287143825110044E-06
   6.3599919134765028E-05  -1.3728178750451197E-06   2.5958566289909917E-05
  -5.6032121269705754E-07   1.0170645496127711E-05  -2.1953556107931623E-07
   3.8252736817063350E-06  -8.2569351709345590E-08   1.3810993277914299E-06
  -2.9811324740417213E-08   4.7867164891117053E-07  -1.0332230022482405E-08
   1.5925851600669281E-07  -3.4376292256317575E-09   5.0865273956407020E-08
  -1.0979377979495590E-09   1.5595356799197975E-08  -3.3662913221514652E-10
   4.5901381150409951E-09  -9.9079113164961935E-11   1.2969220556045568E-09
  -2.7994311167684751E-11   3.5177158886583500E-10  -7.5931022141495259E-12
   9.1594105450232380E-11  -1.9770593040473277E-12   2.2894670362547707E-11
  -4.9419812060895714E-13   5.4936950034921706E-12  -1.1858239171488566E-13
   1.2654635033132634E-12  -2.7300735448647091E-14   2.7984750940142130E-13
  -6.0578068776102842E-15   5.9403507891953285E-14  -1.2799386988991774E-15
   1.2110254786049498E-14  -2.5555058735384530E-16   2.3563194995537068E-15
  -7.1033239212037275E-17   4.5594985299872563E-16   6.0076688460574426E-18
   7.8329843948870662E-17  -6.2267512437704396E-18   5.1633715590126273E-18
  -1.0369957329612806E-17   2.0564298214699085E-17   4.9559635544650867E-18
  -2.1068735161801173E-17  -4.6985172391019890E-17   1.7986764648605406E-18
  -2.9379699374022405E-17  -2.6007367089419357E-17  -3.7265187409075043E-18
   2.3587967298893777E-17  -5.2392216567169022E-17  -1.7249454115160385E-17
   5.2683803491802565E-18   1.5443768413650973E-17  -1.9317095233416292E-17
  -4.8730058685025552E-17  -6.8057285853207032E-18   3.6343112172507948E-17
   5.5436822524103782E-18  -1.7656364952429418E-17  -1.5363952235310107E-18
  -6.6077047928242374E-18  -2.1450264993028415E-17   1.6048345305683834E-17
   9.9683098147375626E-18  -9.2105532842429584E-18  -9.5374176784820922E-18
   9.5817434003349018E-17   3.9481983231402403E-18   4.3177872097549023E-16
  -1.6981549662649337E-17   2.3816728915634259E-15  -7.4403777651742987E-17
   1.2093313572151066E-14  -3.1011688376764447E-16   5.9404699718128491E-14
  -1.6219945129496804E-15   2.7979495729368902E-13  -7.5350999663318257E-15
   1.2653108737027087E-12  -3.4148932269880481E-14   5.4929662812671097E-12
  -1.4822135239605824E-13   2.2891659365567695E-11  -6.1770703909296690E-13
   9.1582011986205038E-11  -2.4712469996599568E-12   3.5172525989799562E-10
  -9.4908992383272212E-12   1.2967511610833637E-09  -3.4991374915183691E-11
   4.5895332653793582E-09  -1.2384339068950505E-10   1.5593301767384950E-08
  -4.2076770023359816E-10   5.0858571347870295E-08  -1.3723613243730918E-09
   1.5923753018808184E-07  -4.2968455943576223E-09   4.7860857356469826E-07
  -1.2914713828234727E-08   1.3809173379046186E-06  -3.7262500615877914E-08
   3.8247696187638508E-06  -1.0320710468396231E-07   1.0169305292408641E-05
  -2.7440726121897956E-07   2.5955145684313816E-05  -7.0037040256072289E-07
   6.3591538462527992E-05  -1.7159461147340342E-06   1.4956019919063160E-04
  -4.0357136959303238E-06   3.3765280252719268E-04  -9.1111809623119227E-06
   7.3174307832431023E-04  -1.9745263637276535E-05   1.5222171099842537E-03
  -4.1075315949250184E-05   3.0396207480997283E-03  -8.2020745642458372E-05
   5.8261457945830500E-03  -1.5721198777393807E-04   1.0719038226328668E-02
  -2.8924117985725358E-04   1.8929323412727336E-02  -5.1078646682930888E-04
   3.2085606210805806E-02  -8.6579388214838690E-04   5.2200097079520676E-02
  -1.4085605860893735E-03   8.1509430386987061E-02  -2.1994395929591307E-03
   1.2215483369295736E-01  -3.2962099159400799E-03   1.7570125401306638E-01
  -4.7411020339471737E-03   2.4255223344084526E-01  -6.5450116244737495E-03
   3.2138347038482484E-01  -8.6722181097260535E-03   4.0876699071999428E-01
  -1.1030243869047477E-02   4.9915836377938466E-01  -1.3469501967759631E-02
   5.8535182906339223E-01  -1.5795560307450444E-02   6.5938304582324703E-01
  -1.7793482681143474E-02   7.1372092818154853E-01  -1.9259985228903646E-02
   7.4249580701053575E-01  -2.0036599533841955E-02   7.4249580701053575E-01
  -2.0036599533842070E-02   7.1372092818154842E-01  -1.9259985228903508E-02
   6.5938304582324692E-01  -1.7793482681143447E-02   5.8535182906339212E-01
  -1.5795560307450489E-02   4.9915836377938477E-01  -1.3469501967759609E-02
   4.0876699071999434E-01  -1.1030243869047532E-02   3.2138347038482501E-01
  -8.6722181097260292E-03   2.4255223344084542E-01  -6.5450116244737781E-03
   1.7570125401306655E-01  -4.7411020339472310E-03   1.2215483369295749E-01
  -3.2962099159401007E-03   8.1509430386987214E-02  -2.1994395929591142E-03
   5.2200097079520745E-02  -1.4085605860893833E-03   3.2085606210805820E-02
  -8.6579388214838105E-04   1.8929323412727388E-02  -5.1078646682930834E-04
   1.0719038226328683E-02  -2.8924117985728182E-04   5.8261457945830621E-03
  -1.5721198777390185E-04   3.0396207480997187E-03  -8.2020745642477169E-05
   1.5222171099842177E-03  -4.1075315949243150E-05   7.3174307832435414E-04
  -1.9745263637267753E-05   3.3765280252717424E-04  -9.1111809623597022E-06
   1.4956019919063531E-04  -4.0357136958819667E-06   6.3591538462497797E-05
  -1.7159461147098436E-06   2.5955145684331709E-05  -7.0037040264001470E-07
   1.0169305292463534E-05  -2.7440726116198298E-07   3.8247696187019776E-06
  -1.0320710470544375E-07   1.3809173379171362E-06  -3.7262500621741096E-08
   4.7860857354181112E-07  -1.2914713787542647E-08   1.5923753020341788E-07
  -4.2968456379275289E-09   5.0858571370914951E-08  -1.3723613110739495E-09
   1.5593301770063466E-08  -4.2076769544075715E-10   4.5895332477449057E-09
  -1.2384340390732727E-10   1.2967511857472573E-09  -3.4991341495142481E-11
   3.5172521265648940E-10  -9.4909304004966655E-12   9.1582043628479672E-11
  -2.4712451909664381E-12   2.2891658160429779E-11  -6.1769446609066464E-13
   5.4929553438860304E-12  -1.4823685798229963E-13   1.2653200337955350E-12
  -3.4120710154347725E-14   2.7979077546076778E-13  -7.5693276401482639E-15
   5.9401821426927633E-14  -1.5970017503693445E-15   1.2112653889917539E-14
  -3.3710235283612877E-16   2.3430456016263544E-15  -5.8744222614155764E-17
   4.6995204518145724E-16  -1.8126542303533395E-17   6.7357691266255695E-17
   8.1518035254541986E-18   1.3956640605149379E-17  -1.4799782767101505E-17
   4.4754494565545832E-18  -6.0003798210427203E-18  -2.1217153502933393E-17
  -2.8656426311828813E-17  -3.8020217108871716E-17  -2.7759733176933436E-17
   1.5607726461555012E-17   1.5356510998115648E-17  -3.7440250474996012E-17
  -7.0054701062188258E-17   6.2203001012318244E-18   3.5982866443423557E-17
  -3.4144493388298040E-17  -4.3101009994753980E-17  -1.1744408065195338E-17
   5.2458363893046618E-17   1.1164560206129300E-17  -4.5752271891370788E-17
   7.3768666454887657E-19   2.0749656423195267E-17  -2.6808755380383176E-17
  -8.1792911588442976E-18   2.3559186255948803E-17  -1.1126069201041523E-17
  -8.9880973844948010E-18   1.5844067318608393E-17   8.7970211572446194E-17
  -2.4035887672065305E-17   4.4675349892885851E-16   2.4410992887449943E-18
   2.3559160943652464E-15  -9.7152427634940715E-17   1.2118494909840713E-14
  -3.7060930456377589E-16   5.9371683364440975E-14  -1.9462525072410019E-15
   2.7976457308975520E-13  -9.0423519115188708E-15   1.2651002622125762E-12
  -4.0975026263500064E-14   5.4920846714963182E-12  -1.7785916745157371E-13
   2.2887979558178609E-11  -7.4120164053817739E-13   9.1567264318540376E-11
  -2.9653381860122076E-12   3.5166867896839912E-10  -1.1388467015088103E-11
   1.2965425065227783E-09  -4.1987372683398731E-11   4.5887948232321812E-09
  -1.4860402826957352E-10   1.5590792801596965E-08  -5.0489390516712473E-10
   5.0850388193060428E-08  -1.6467444589701275E-09   1.5921190891399148E-07
  -5.1559356140487372E-09   4.7853156548954216E-07  -1.5496817773606110E-08
   1.3806951485037372E-06  -4.4712580463034739E-08   3.8241542138221077E-06
  -1.2384182212117928E-07   1.0167669052505586E-05  -3.2927089018554313E-07
   2.5950969504762642E-05  -8.4039899267849973E-07   6.3581306592273000E-05
  -2.0590238837112782E-06   1.4953613497405155E-04  -4.8425943078230600E-06
   3.3759847423513005E-04  -1.0932825366218084E-05   7.3162534095731920E-04
  -2.3693033872048458E-05   1.5219721854430590E-03  -4.9287711215567340E-05
   3.0391316734885059E-03  -9.8419567327689310E-05   5.8252083684343457E-03
  -1.8864417379147846E-04   1.0717313535011772E-02  -3.4707062702462059E-04
   1.8926277693850739E-02  -6.1291057296308207E-04   3.2080443688457784E-02
  -1.0388963769108273E-03   5.2191698339912045E-02  -1.6901810424717069E-03
   8.1496316590373208E-02  -2.6391841169854284E-03   1.2213518277683752E-01
  -3.9552363880463095E-03   1.7567299521421362E-01  -5.6890113515895447E-03
   2.4251323708081599E-01  -7.8535830213831773E-03   3.2133182912832103E-01
  -1.0406089729884369E-02   4.0870135933077434E-01  -1.3235566278520922E-02
   4.9907829573523516E-01  -1.6162520853150168E-02   5.8525803291944967E-01
  -1.8953649593037299E-02   6.5927749166783622E-01  -2.1351042131687249E-02
   7.1360676476158680E-01  -2.3110766360174211E-02   7.4237709206719293E-01
  -2.4042663761914624E-02   7.4237709206719293E-01  -2.4042663761914725E-02
   7.1360676476158680E-01  -2.3110766360174083E-02   6.5927749166783611E-01
  -2.1351042131687210E-02   5.8525803291944956E-01  -1.8953649593037303E-02
   4.9907829573523532E-01  -1.6162520853150213E-02   4.0870135933077439E-01
  -1.3235566278520922E-02   3.2133182912832120E-01  -1.0406089729884389E-02
   2.4251323708081615E-01  -7.8535830213831929E-03   1.7567299521421373E-01
  -5.6890113515896071E-03   1.2213518277683766E-01  -3.9552363880463407E-03
   8.1496316590373361E-02  -2.6391841169854154E-03   5.2191698339912107E-02
  -1.6901810424717189E-03   3.2080443688457805E-02  -1.0388963769108067E-03
   1.8926277693850791E-02  -6.1291057296309715E-04   1.0717313535011774E-02
  -3.4707062702463598E-04   5.8252083684343803E-03  -1.8864417379145650E-04
   3.0391316734884734E-03  -9.8419567327698540E-05   1.5219721854430410E-03
  -4.9287711215555468E-05   7.3162534095735465E-04  -2.3693033872055349E-05
   3.3759847423511173E-04  -1.0932825366261468E-05   1.4953613497405301E-04
  -4.8425943077672694E-06   6.3581306592261182E-05  -2.0590238836897301E-06
   2.5950969504749120E-05  -8.4039899273990359E-07   1.0167669052579902E-05
  -3.2927089017503399E-07   3.8241542137782433E-06  -1.2384182210160144E-07
   1.3806951484650160E-06  -4.4712580487223148E-08   4.7853156552815458E-07
  -1.5496817732151481E-08   1.5921190887487258E-07  -5.1559356369801790E-09
   5.0850388241712631E-08  -1.6467444722739901E-09   1.5590792813443125E-08
  -5.0489389030877314E-10   4.5887947850848190E-09  -1.4860402506190134E-10
   1.2965425481599795E-09  -4.1987378501774507E-11   3.5166862064701038E-10
  -1.1388460225014036E-11   9.1567291167046314E-11  -2.9653545363104366E-12
   2.2887996022949032E-11  -7.4118823731649352E-13   5.4920537041444963E-12
  -1.7786098891428230E-13   1.2651293994277224E-12  -4.0969334174727984E-14
   2.7973559382890008E-13  -9.0592186701340495E-15   5.9399801807658762E-14
  -1.9291360106901546E-15   1.2101225257362067E-14  -4.0107970233071055E-16
   2.3552381467241702E-15  -5.7235547283393051E-17   4.5450065571401967E-16
  -4.0327059677704640E-17   7.6509293444884960E-17   1.4762890019646084E-17
   1.3007025954132658E-17  -1.0889808718539611E-17  -8.2854643499071371E-18
  -4.7259715263397677E-18  -2.2113100955247644E-17  -3.0211783351996717E-17
  -5.2788658400682646E-17   1.4552294479409590E-17   3.1857834241613053E-17
  -2.5602519311031721E-17  -8.0128769629835199E-17  -9.3123713821216634E-18
   4.8900351111256902E-17   1.6911802425333637E-17  -4.4810146496225083E-17
   1.3144743388577112E-17   2.9079246090612844E-17   1.8120030228347622E-17
  -2.8888550938301688E-17  -2.1878848763722077E-17   1.9645659094599867E-17
   8.4956916763157684E-18  -2.4710831961916993E-17   1.3618202841949940E-17
   8.5079248280359749E-18  -2.6260699216975273E-17   1.0570595275141208E-17
   1.9646842530398614E-17   6.2986470074965177E-17  -1.8565244786982443E-17
   4.6526767330584566E-16  -9.7332728820728132E-18   2.3419664177001489E-15
  -9.0129946649170491E-17   1.2134247286275485E-14  -4.6627611091449151E-16
   5.9340118927490518E-14  -2.2336953520623258E-15   2.7971979101714437E-13
  -1.0577677275622383E-14   1.2648608780303073E-12  -4.7778300582133281E-14
   5.4910361643322755E-12  -2.0750622922131199E-13   2.2883642866698515E-11
  -8.6467807162699506E-13   9.1549844014374380E-11  -3.4593259828044802E-12
   3.5160185993135271E-10  -1.3285711529979657E-11   1.2962961149212885E-09
  -4.8982129803470808E-11   4.5879227855343139E-09  -1.7336031626232326E-10
   1.5587829982305299E-08  -5.8900528509051631E-10   5.0840724755153930E-08
  -1.9210792189000227E-09   1.5918165286392369E-07  -6.0148742656074432E-09
   4.7844062701443242E-07  -1.8078466677987523E-08   1.3804327660803614E-06
  -5.2161347454538209E-08   3.8234274850088440E-06  -1.4447290324928653E-07
   1.0165736824488200E-05  -3.8412485096143014E-07   2.5946037873927554E-05
  -9.8040290664658167E-07   6.3569223824681216E-05  -2.4020411947107692E-06
   1.4950771765358996E-04  -5.6493327293750737E-06   3.3753431820989773E-04
  -1.2754148755807889E-05   7.3148630545272469E-04  -2.7640108422196822E-05
   1.5216829551979083E-03  -5.7498659277328704E-05   3.0385541275448312E-03
  -1.1481549918226661E-04   5.8241013660935460E-03  -2.2007082073849106E-04
   1.0715276854025622E-02  -4.0488988296651996E-04   1.8922681013570974E-02
  -7.1501667969280178E-04   3.2074347269180195E-02  -1.2119683524773508E-03
   5.2181780232878637E-02  -1.9717518123957764E-03   8.1480830327166062E-02
  -3.0788509583835333E-03   1.2211197638400900E-01  -4.6141462194334692E-03
   1.7563962257132340E-01  -6.6367525142908175E-03   2.4246718155211905E-01
  -9.1619218112626213E-03   3.2127083501717268E-01  -1.2139652900985414E-02
   4.0862383254492063E-01  -1.5440496933904008E-02   4.9898370159076622E-01
  -1.8855063335523430E-02   5.8514720076604321E-01  -2.2111183831517361E-02
   6.5915274401857171E-01  -2.4907981045552259E-02   7.1347182290040201E-01
  -2.6960880307992950E-02   7.4223675879482631E-01  -2.8048036643323063E-02
   7.4223675879482631E-01  -2.8048036643323164E-02   7.1347182290040201E-01
  -2.6960880307992846E-02   6.5915274401857160E-01  -2.4907981045552186E-02
   5.8514720076604310E-01  -2.2111183831517337E-02   4.9898370159076633E-01
  -1.8855063335523531E-02   4.0862383254492063E-01  -1.5440496933903971E-02
   3.2127083501717280E-01  -1.2139652900985462E-02   2.4246718155211924E-01
  -9.1619218112626351E-03   1.7563962257132348E-01  -6.6367525142908721E-03
   1.2211197638400917E-01  -4.6141462194335091E-03   8.1480830327166229E-02
  -3.0788509583835329E-03   5.2181780232878693E-02  -1.9717518123957872E-03
   3.2074347269180237E-02  -1.2119683524773178E-03   1.8922681013571013E-02
  -7.1501667969283247E-04   1.0715276854025627E-02  -4.0488988296652050E-04
   5.8241013660935807E-03  -2.2007082073848580E-04   3.0385541275447948E-03
  -1.1481549918226158E-04   1.5216829551978955E-03  -5.7498659277317266E-05
   7.3148630545275982E-04  -2.7640108422214623E-05   3.3753431820987285E-04
  -1.2754148755850848E-05   1.4950771765359825E-04  -5.6493327293022195E-06
   6.3569223824675862E-05  -2.4020411947133989E-06   2.5946037873909726E-05
  -9.8040290667508581E-07   1.0165736824533467E-05  -3.8412485098859279E-07
   3.8234274850180047E-06  -1.4447290321809022E-07   1.3804327659965983E-06
  -5.2161347452904150E-08   4.7844062708523262E-07  -1.8078466682602046E-08
   1.5918165280791756E-07  -6.0148742344202137E-09   5.0840724794412961E-08
  -1.9210792707192158E-09   1.5587830010891063E-08  -5.8900527239545409E-10
   4.5879227503413374E-09  -1.7336028133896947E-10   1.2962961366541693E-09
  -4.8982171968892718E-11   3.5160181870967874E-10  -1.3285677708565477E-11
   9.1549864015225509E-11  -3.4593450067593324E-12   2.2883664489687428E-11
  -8.6469354011600458E-13   5.4910015677918940E-12  -2.0745907519103596E-13
   1.2648883587088614E-12  -4.7824155278158623E-14   2.7968842531521371E-13
  -1.0547119918496175E-14   5.9383755098795167E-14  -2.2595329555056028E-15
   1.2092290120731511E-14  -4.6460452621647634E-16   2.3684526073535113E-15
  -6.8734963119520415E-17   4.3945308369161681E-16  -4.0402944681711087E-17
   8.4894916519722846E-17   8.1322289460215519E-18   1.2675683712170115E-17
  -5.3841704769231022E-18  -1.6608460230466003E-17  -4.3774518685389497E-18
  -3.6102648057095502E-17  -1.4637765284028911E-17  -1.8771811796304353E-17
   4.4183387335974553E-17  -2.3874160390721463E-17  -6.6211816340679032E-17
  -2.1291239062126612E-17   6.9457484778026974E-17   1.2171337779071494E-17
  -4.4182741091537329E-17   3.1463152557012189E-18   3.9174222649443518E-17
   9.3760155139964102E-18  -7.6325265816403015E-18  -1.7668599745723246E-17
   1.8425942712577370E-18   5.1670488864659763E-18  -5.4824023153362960E-19
  -5.7815398389450992E-18   1.3298965456175646E-17  -4.1528226313111098E-18
  -1.6980827721766152E-17   1.5273925303980264E-17   1.4111589548204716E-17
   6.4792026727898697E-17  -8.8279953455810180E-18   4.5553089152882167E-16
  -2.3289466719891314E-17   2.3558863231109376E-15  -8.4964558141721087E-17
   1.2115177691324416E-14  -5.6147487104293362E-16   5.9341646991075234E-14
  -2.5213716523684100E-15   2.7964297811619769E-13  -1.2100820369817473E-14
   1.2646056656567491E-12  -5.4602913268423594E-14   5.4898089921184089E-12
  -2.3712394446502661E-13   2.2878641927927085E-11  -9.8815023218072856E-13
   9.1529770805057708E-11  -3.9531926060619135E-12   3.5152479320639119E-10
  -1.5182579181135418E-11   1.2960120010333010E-09  -5.5975446488305135E-11
   4.5869171724285474E-09  -1.9811151878634543E-10   1.5584413396043938E-08
  -6.7309939491138370E-10   5.0829581328427663E-08  -2.1953576363045383E-09
   1.5914676289944163E-07  -6.8736365321266635E-09   4.7833576084120192E-07
  -2.0659585386348477E-08   1.3801301982972073E-06  -5.9608584753260564E-08
   3.8225894536867254E-06  -1.6509974749479723E-07   1.0163508665036736E-05
  -4.3896754669065596E-07   2.5940350936489265E-05  -1.1203780688557086E-06
   6.3555290514325348E-05  -2.7449880622856217E-06   1.4947494806305257E-04
  -6.4559054758418177E-06   3.3746033633402951E-04  -1.4575098111138985E-05
   7.3132597589034901E-04  -3.1586372385919862E-05   1.5213494277361659E-03
  -6.5707921110398797E-05   3.0378881272144810E-03  -1.3120806392280556E-04
   5.8228248200174783E-03  -2.5149101382596691E-04   1.0712928242945384E-02
  -4.6269726474624541E-04   1.8918533476526885E-02  -8.1710181521962117E-04
   3.2067317128638771E-02  -1.3850047715588960E-03   5.2170343040574878E-02
  -2.2532646992327937E-03   8.1462972033222586E-02  -3.5184273129750610E-03
   1.2208521516791372E-01  -5.2729202104277095E-03   1.7560113704273536E-01
  -7.5842978962166819E-03   2.4241406822819092E-01  -1.0469989866533538E-02
   3.2120048995006240E-01  -1.3872857155893500E-02   4.0853441284781600E-01
  -1.7644971740159870E-02   4.9887458438189652E-01  -2.1547051229646539E-02
   5.8501933604850842E-01  -2.5268071323320464E-02   6.5900880653764493E-01
  -2.8464195968895298E-02   7.1331610631848741E-01  -3.0810214852671190E-02
   7.4207481090495253E-01  -3.2052601254296938E-02   7.4207481090495264E-01
  -3.2052601254297014E-02   7.1331610631848730E-01  -3.0810214852671120E-02
   6.5900880653764482E-01  -2.8464195968895181E-02   5.8501933604850820E-01
  -2.5268071323320446E-02   4.9887458438189647E-01  -2.1547051229646643E-02
   4.0853441284781605E-01  -1.7644971740159839E-02   3.2120048995006245E-01
  -1.3872857155893537E-02   2.4241406822819112E-01  -1.0469989866533587E-02
   1.7560113704273547E-01  -7.5842978962167070E-03   1.2208521516791389E-01
  -5.2729202104277615E-03   8.1462972033222766E-02  -3.5184273129750840E-03
   5.2170343040574926E-02  -2.2532646992327846E-03   3.2067317128638841E-02
  -1.3850047715588715E-03   1.8918533476526889E-02  -8.1710181521965142E-04
   1.0712928242945417E-02  -4.6269726474623506E-04   5.8228248200175008E-03
  -2.5149101382598507E-04   3.0378881272144411E-03  -1.3120806392277661E-04
   1.5213494277361720E-03  -6.5707921110389690E-05   7.3132597589036256E-04
  -3.1586372385958907E-05   3.3746033633400631E-04  -1.4575098111155710E-05
   1.4947494806307835E-04  -6.4559054757875780E-06   6.3555290514294421E-05
  -2.7449880622922658E-06   2.5940350936503265E-05  -1.1203780688565525E-06
   1.0163508665047202E-05  -4.3896754673128495E-07   3.8225894537203984E-06
  -1.6509974750032624E-07   1.3801301982094075E-06  -5.9608584682524419E-08
   4.7833576089100069E-07  -2.0659585454198943E-08   1.5914676289289446E-07
  -6.8736364550364008E-09   5.0829581310179013E-08  -2.1953577102874437E-09
   1.5584413451724267E-08  -6.7309939104312485E-10   4.5869171500480832E-09
  -1.9811146042895851E-10   1.2960119937031494E-09  -5.5975509674574839E-11
   3.5152477224267389E-10  -1.5182520296985457E-11   9.1529789135850361E-11
  -3.9532343673576228E-12   2.2878641012739777E-11  -9.8816486875141857E-13
   5.4898217261361834E-12  -2.3706141989504704E-13   1.2645796191259356E-12
  -5.4666824322115062E-14   2.7965810005364583E-13  -1.2041322625982660E-14
   5.9342416911333451E-14  -2.5902116840528853E-15   1.2108098892465611E-14
  -5.2124751112415716E-16   2.3628644886173070E-15  -8.6371795630565915E-17
   4.3667453488835831E-16  -3.8612212549725597E-17   8.2410238192196107E-17
   5.4643785632702874E-18   1.5610545303467354E-17  -5.5910479821947809E-18
  -2.0560755139953854E-17  -2.2313058256070470E-18  -3.6832408536994530E-17
   2.0142119977518829E-17   5.7044001527664236E-18   1.8145360761777896E-17
  -6.7959835238406983E-17  -1.0738709807255325E-17   5.3080656260989051E-17
   3.9444441417432801E-17  -5.7233312425801336E-17  -3.2475838799702437E-17
   2.5171921888146105E-17   6.6535543965969839E-19  -1.0944894891354534E-18
  -4.3897930639528965E-18  -6.7379026760793251E-18   1.3099665048254054E-17
  -7.5971431558299963E-18   2.2605851055123464E-18   1.6043520495659049E-17
   6.5424212447400411E-18  -2.5801761427623476E-17  -4.3298049069183857E-18
   3.2505357090285788E-17  -9.0991691374487785E-20   5.9838498827067508E-17
   8.8804572488435849E-18   4.4511288687004045E-16  -3.3634124276062884E-17
   2.3820890978422218E-15  -1.0329188087500638E-16   1.2069981497345811E-14
  -6.1450289743154817E-16   5.9369532457208129E-14  -2.8503582291418637E-15
   2.7954627269414673E-13  -1.3601179640132812E-14   1.2643029032267403E-12
  -6.1434716908902102E-14   5.4884475334765768E-12  -2.6673138276492036E-13
   2.2872939851075080E-11  -1.1115867907956036E-12   9.1507072710215612E-11
  -4.4469579871492055E-12   3.5143746296627462E-10  -1.7078987244230469E-11
   1.2956901731206324E-09  -6.2967138218596325E-11   4.5857780287380346E-09
  -2.2285690264157248E-10   1.5580543129830010E-08  -7.5717378784957123E-10
   5.0816958239188582E-08  -2.4695717324116499E-09   1.5910724005484191E-07
  -7.7321973993465367E-09   4.7821697002402458E-07  -2.3240098793166112E-08
   1.3797874540550211E-06  -6.7054075529172988E-08   3.8216401443759394E-06
  -1.8572175440738217E-07   1.0160984639488404E-05  -4.9379738088722017E-07
   2.5933908859148786E-05  -1.2603204045026723E-06   6.3539507069583929E-05
  -3.0878545030572005E-06   1.4943782716299593E-04  -7.2622890673579766E-06
   3.3737653077609827E-04  -1.6395620423191051E-05   7.3114435697001906E-04
  -3.5531710885155798E-05   1.5209716128356384E-03  -7.3915257740128623E-05
   3.0371336920219801E-03  -1.4759678436649753E-04   5.8213787676099447E-03
  -2.8290383846691670E-04   1.0710267770446594E-02  -5.2049108982999673E-04
   1.8913835203385278E-02  -9.1916300852268860E-04   3.2059353469506828E-02
  -1.5580005982327666E-03   5.2157387088799183E-02  -2.5347115083573261E-03
   8.1442742212460117E-02  -3.9579003787767264E-03   1.2205489988501673E-01
  -5.9315391628731208E-03   1.7555753973783078E-01  -8.5316198722908531E-03
   2.4235389869425111E-01  -1.1777749062205396E-02   3.2112079610556632E-01
  -1.5605652037256609E-02   4.0843310307229447E-01  -1.9848926623809087E-02
   4.9875094755552452E-01  -2.4238406382488593E-02   5.8487444268709443E-01
  -2.8424220403657031E-02   6.5884568343133654E-01  -3.2019583474765502E-02
   7.1313961934741410E-01  -3.4658657787766660E-02   7.4189125276354084E-01
  -3.6056240673935876E-02   7.4189125276354095E-01  -3.6056240673936035E-02
   7.1313961934741399E-01  -3.4658657787766549E-02   6.5884568343133654E-01
  -3.2019583474765398E-02   5.8487444268709421E-01  -2.8424220403656979E-02
   4.9875094755552440E-01  -2.4238406382488694E-02   4.0843310307229458E-01
  -1.9848926623809080E-02   3.2112079610556632E-01  -1.5605652037256624E-02
   2.4235389869425128E-01  -1.1777749062205477E-02   1.7555753973783089E-01
  -8.5316198722908583E-03   1.2205489988501687E-01  -5.9315391628731971E-03
   8.1442742212460298E-02  -3.9579003787767568E-03   5.2157387088799231E-02
  -2.5347115083573014E-03   3.2059353469506897E-02  -1.5580005982327649E-03
   1.8913835203385271E-02  -9.1916300852269109E-04   1.0710267770446641E-02
  -5.2049108983000247E-04   5.8213787676099473E-03  -2.8290383846694283E-04
   3.0371336920219541E-03  -1.4759678436644311E-04   1.5209716128356549E-03
  -7.3915257740141404E-05   7.3114435697000453E-04  -3.5531710885189428E-05
   3.3737653077609155E-04  -1.6395620423197058E-05   1.4943782716302176E-04
  -7.2622890673300084E-06   6.3539507069544532E-05  -3.0878545030369255E-06
   2.5933908859185557E-05  -1.2603204045150993E-06   1.0160984639467292E-05
  -4.9379738091598266E-07   3.8216401444088729E-06  -1.8572175444590189E-07
   1.3797874540175680E-06  -6.7054075425072308E-08   4.7821697000339583E-07
  -2.3240098868342198E-08   1.5910724012096302E-07  -7.7321973348284655E-09
   5.0816958164648677E-08  -2.4695717807501670E-09   1.5580543195604838E-08
  -7.5717381299394486E-10   4.5857780404247343E-09  -2.2285683869632983E-10
   1.2956901163199688E-09  -6.2967179993747074E-11   3.5143748686751739E-10
  -1.7078949197882099E-11   9.1507064719683129E-11  -4.4469902648162232E-12
   2.2872933414622803E-11  -1.1116019285473527E-12   5.4884959132950231E-12
  -2.6668868180186815E-13   1.2642320401335703E-12  -6.1455497682236478E-14
   2.7960794377557175E-13  -1.3593627392542422E-14   5.9319167303817167E-14
  -2.8705364950011542E-15   1.2102904538326710E-14  -6.0914706918349404E-16
   2.3728012823505953E-15  -9.5854427537563065E-17   4.2860092342634209E-16
  -3.0655114037429883E-17   7.9021866350682327E-17   6.6007381374516064E-19
   2.2924755843630441E-17  -1.5608309354055923E-17  -3.9529291949105171E-17
   2.0868401334198208E-17   9.5040394569507245E-18   2.7110914230422457E-17
  -2.8379534878700293E-17   8.2481222587720181E-18  -2.7192166259292916E-17
   4.7531456932490169E-17   4.8871945712047714E-17  -3.4587113481472395E-17
  -6.6517330111336556E-17   4.7556608398659697E-17   1.9520537598904295E-18
  -8.4233817938728831E-18  -4.9031090743555745E-18  -1.4996436069330679E-17
   1.7127479560392433E-18   2.7884983235572993E-17   5.5465682498723647E-18
   2.5072873545941852E-18   6.3509269495726305E-19  -7.3555798499784699E-18
  -9.4498753376030045E-18   1.9435274686576489E-17   1.8938512766748236E-17
  -1.6375100890519464E-17   6.9537068459845116E-17   1.3986421504015572E-17
   4.4972629933071146E-16  -2.6113810111159236E-17   2.3715505718140850E-15
  -1.4307435765174112E-16   1.2065779281561770E-14  -6.3532287200625247E-16
   5.9359877063859290E-14  -3.2174277434192497E-15   2.7946937759000530E-13
  -1.5063232389030472E-14   1.2639457536449833E-12  -6.8294472817621974E-14
   5.4869343782514810E-12  -2.9632559327120201E-13   2.2866572027753825E-11
  -1.2349667297232361E-12   9.1481706944119245E-11  -4.9406352851609787E-12
   3.5133990828451386E-10  -1.8974847171282884E-11   1.2953306170895160E-09
  -6.9957031058403083E-11   4.5845053959400947E-09  -2.4759573511468712E-10
   1.5576219312234824E-08  -8.4122600294045220E-10   5.0802855822663953E-08
  -2.7437135614134275E-09   1.5906308551670909E-07  -8.5905318414219711E-09
   4.7808425802890023E-07  -2.5819931790549313E-08   1.3794045433952657E-06
  -7.4497603035543990E-08   3.8205795848961235E-06  -2.0633832367330973E-07
   1.0158164821737134E-05  -5.4861275741538732E-07   2.5926711830607630E-05
  -1.4002258397969638E-06   6.3521873952695115E-05  -3.4306305359479384E-06
   1.4939635604064203E-04  -8.0684600296147957E-06   3.3728290399064585E-04
  -1.8215662695456363E-05   7.3094145401151342E-04  -3.9476009068768312E-05
   1.5205495215643615E-03  -8.2120430248198864E-05   3.0362908440709638E-03
  -1.6398118344444518E-04   5.8197632512238485E-03  -3.1430838030315395E-04
   1.0707295514309588E-02  -5.7826967614088912E-04   1.8908586330839756E-02
  -1.0211972894636288E-03   3.2050456521428114E-02  -1.7309507981183288E-03
   5.2142912746878746E-02  -2.8160840473779457E-03   8.1420141436685467E-02
  -4.3972573562272178E-03   1.2202103139476252E-01  -6.5899838803842557E-03
   1.7550883191736710E-01  -9.4786908188118236E-03   2.4228667474797316E-01
  -1.3085161277420324E-02   3.2103175594262129E-01  -1.7337987100113014E-02
   4.0831990639828403E-01  -2.2052297535729487E-02   4.9861279496832767E-01
  -2.6929050674934826E-02   5.8471252507561211E-01  -3.1579539443012880E-02
   6.5866337944935360E-01  -3.5574040164090485E-02   7.1294236693024260E-01
  -3.8506096923603413E-02   7.4168608939219949E-01  -4.0058837990226082E-02
   7.4168608939219960E-01  -4.0058837990226276E-02   7.1294236693024249E-01
  -3.8506096923603260E-02   6.5866337944935360E-01  -3.5574040164090437E-02
   5.8471252507561200E-01  -3.1579539443012769E-02   4.9861279496832750E-01
  -2.6929050674934899E-02   4.0831990639828419E-01  -2.2052297535729549E-02
   3.2103175594262129E-01  -1.7337987100112990E-02   2.4228667474797327E-01
  -1.3085161277420425E-02   1.7550883191736724E-01  -9.4786908188118271E-03
   1.2202103139476264E-01  -6.5899838803843347E-03   8.1420141436685634E-02
  -4.3972573562272672E-03   5.2142912746878815E-02  -2.8160840473779075E-03
   3.2050456521428176E-02  -1.7309507981183385E-03   1.8908586330839753E-02
  -1.0211972894636104E-03   1.0707295514309644E-02  -5.7826967614091709E-04
   5.8197632512238216E-03  -3.1430838030316918E-04   3.0362908440709773E-03
  -1.6398118344439160E-04   1.5205495215643643E-03  -8.2120430248219193E-05
   7.3094145401148025E-04  -3.9476009068788532E-05   3.3728290399066190E-04
  -1.8215662695469210E-05   1.4939635604065208E-04  -8.0684600295870282E-06
   6.3521873952668268E-05  -3.4306305359235350E-06   2.5926711830642579E-05
  -1.4002258398267107E-06   1.0158164821715639E-05  -5.4861275741559177E-07
   3.8205795849019164E-06  -2.0633832372832018E-07   1.3794045434079520E-06
  -7.4497602949874574E-08   4.7808425796676454E-07  -2.5819931813349101E-08
   1.5906308560407940E-07  -8.5905318526965520E-09   5.0802855751459068E-08
  -2.7437135246840362E-09   1.5576219347946017E-08  -8.4122607790100325E-10
   4.5845054444467028E-09  -2.4759569004424924E-10   1.2953305341121053E-09
  -6.9957008190919310E-11   3.5133995505914714E-10  -1.8974871229370955E-11
   9.1481682396520755E-11  -4.9406338173063490E-12   2.2866568865091344E-11
  -1.2349780742870939E-12   5.4869804484798427E-12  -2.9633221815076821E-13
   1.2638920976927291E-12  -6.8235845453321398E-14   2.7950589646142715E-13
  -1.5134286049953821E-14   5.9328687032148456E-14  -3.1718651572163103E-15
   1.2076369631699443E-14  -6.7635851354927196E-16   2.3900688396229316E-15
  -1.1583605754399361E-16   4.1992599345232943E-16  -2.2701413733859960E-17
   8.3052224039462064E-17  -1.7874904456265295E-18   5.4820921145444573E-18
  -2.4368359338524229E-17  -1.6601821650331363E-17   5.5444119711081110E-17
   2.3074288517972520E-17  -5.1649139898623287E-18  -4.4219382997873975E-17
   4.3167736993939031E-17   3.9573942572121078E-17   3.8861372726366445E-17
  -2.0588738396194320E-17  -4.8040314195226475E-17   4.6284420885088010E-18
   7.4754232746380892E-17
